120,4
120,3
120,2
120,1
120,0
119,3
119,2
119,1
119,0
118,3
118,2
118,1
118,0
117,3
117,2
117,1
117,0
116,3
116,2
116,1
116,0
115,3
115,2
115,1
115,0
114,3
114,2
114,1
114,0
113,3
113,2
113,1
113,0
112,4
112,3
112,2
112,1
112,0
111,6
111,5
111,4
111,3
111,2
111,1
111,0
110,3
110,2
110,1
110,0
109,3
109,2
109,1
109,0
108,3
108,2
108,1
108,0
107,3
107,2
107,1
107,0
106,3
106,2
106,1
106,0
105,3
105,2
105,1
105,0
104,3
104,2
104,1
104,0
103,3
103,2
103,1
103,0
102,3
102,2
102,1
102,0
101,5
101,4
101,3
101,2
101,1
101,0
100,3
100,2
100,1
100,0
99,4
99,3
99,2
99,1
99,0
98,4
98,3
98,2
98,1
98,0
97,3
97,2
97,1
97,0
96,4
96,3
96,2
96,1
96,0
95,4
95,3
95,2
95,1
95,0
94,3
94,2
94,1
94,0
93,4
93,3
93,2
93,1
93,0
92,6
92,5
92,4
92,3
92,2
92,1
92,0
91,4
91,3
91,2
91,1
91,0
90,4
90,3
90,2
90,1
90,0
89,4
89,3
89,2
89,1
89,0
69,4
88,4
88,3
88,2
88,1
88,0
87,4
87,3
87,2
87,1
87,0
86,4
86,3
86,2
86,1
86,0
85,4
85,3
85,2
85,1
85,0
84,4
84,3
84,2
84,1
84,0
83,4
83,3
83,2
83,1
83,0
82,3
82,2
82,1
82,0
81,3
81,2
81,1
81,0
80,3
80,2
80,1
80,0
79,3
79,2
79,1
79,0
78,3
78,2
78,1
78,0
77,3
77,2
77,1
77,0
76,3
76,2
76,1
76,0
75,3
75,2
75,1
75,0
74,3
74,2
74,1
74,0
73,6
73,5
73,4
73,3
73,2
73,1
73,0
72,3
72,2
72,1
72,0
71,3
71,2
71,1
71,0
70,3
70,2
70,1
70,0
69,3
69,2
69,1
69,0
68,3
68,2
68,1
68,0
67,3
67,2
67,1
67,0
66,3
66,2
66,1
66,0
65,3
65,2
65,1
65,0
64,3
64,2
64,1
64,0
63,3
63,2
63,1
63,0
62,4
62,3
62,2
62,1
62,0
61,3
61,2
61,1
61,0
60,3
60,2
60,1
60,0
59,2
58,3
58,2
58,1
58,0
57,3
57,2
57,1
57,0
56,3
56,2
56,1
56,0
55,3
55,2
55,1
55,0
54,4
54,3
54,2
54,1
54,0
53,5
53,4
53,2
52,3
52,2
52,1
52,0
51,3
51,2
51,1
51,0
50,2
49,2
48,2
47,3
47,2
47,1
47,0
46,3
46,2
46,1
46,0
45,3
45,2
45,1
45,0
44,3
44,2
44,1
44,0
11,4
11,3
11,2
11,1
11,0
4,3
4,1
4,0
0,408
0,322
0,243
48,1
48,3
48,0
50,1
50,3
50,0
59,1
59,3
59,0
49,1
49,3
49,0
1,1
1,3
1,0
2,1
2,3
2,0
53,1
53,6
53,3
53,0
0,9
0,310
0,305
0,308
0,304
0,303
0,302
0,307
0,12
0,10
0,8
0,0
0,418
0,300
0,437
0,299
0,436
0,298
0,417
0,297
0,416
0,296
0,435
0,295
0,415
0,294
0,414
0,293
0,413
0,292
0,412
0,291
0,411
0,290
0,434
0,289
0,410
0,288
0,409
0,287
0,407
0,286
0,433
0,285
0,406
0,284
0,405
0,283
0,404
0,282
0,403
0,281
0,402
0,280
0,401
0,279
0,400
0,278
0,399
0,277
0,398
0,276
0,427
0,275
0,397
0,274
0,396
0,273
0,395
0,272
0,394
0,271
0,393
0,270
0,392
0,269
0,432
0,268
0,391
0,267
0,390
0,266
0,389
0,265
0,388
0,264
0,387
0,263
0,386
0,262
0,385
0,261
0,384
0,260
0,383
0,259
0,431
0,258
0,382
0,257
0,381
0,256
0,380
0,255
0,379
0,254
0,426
0,253
0,378
0,252
0,377
0,251
0,376
0,250
0,375
0,249
0,374
0,248
0,373
0,247
0,372
0,246
0,371
0,245
0,370
0,244
0,425
0,242
0,369
0,241
0,368
0,240
0,367
0,239
0,366
0,238
0,365
0,237
0,364
0,236
0,424
0,235
0,363
0,234
0,362
0,233
0,361
0,232
0,360
0,231
0,359
0,230
0,358
0,229
0,423
0,228
0,357
0,227
0,356
0,226
0,355
0,225
0,354
0,224
0,422
0,223
0,353
0,222
0,352
0,221
0,351
0,220
0,350
0,219
0,349
0,218
0,348
0,217
0,430
0,216
0,347
0,215
0,346
0,214
0,345
0,213
0,344
0,212
0,343
0,211
0,342
0,210
0,341
0,209
0,340
0,208
0,339
0,207
0,429
0,206
0,338
0,205
0,337
0,204
0,336
0,203
0,335
0,202
0,421
0,201
0,334
0,200
0,333
0,199
0,332
0,198
0,331
0,197
0,330
0,196
0,329
0,195
0,420
0,194
0,328
0,193
0,327
0,192
0,326
0,63
0,325
0,62
0,428
0,61
0,324
0,60
0,323
0,59
0,321
0,58
0,320
0,57
0,419
0,56
0,319
0,55
0,318
0,54
0,317
0,53
0,316
0,52
0,315
0,51
0,314
0,50
0,313
0,49
0,312
0,48
0,311
0,47
0,309
0,46
0,306
0,45
0,301
0,6
0,5
0,1
0,11
0,4
0,2
0,3
0,7
